table_clearance_height: 0.2


angular_joint_res: 0.1
angular_joint_velocity: 0.5
pos_error_tol: 0.05
spline_order: 3
spline_search_res: .001

th1_max: 0.890118
th2_max: 1.047200
th3_max: 3.019420
th4_max: 2.617990
th5_max: 3.054330
th6_max: 2.094400
th7_max: 3.054330

th1_min: -2.460910
th2_min: -2.146750
th3_min: -3.019420
th4_min: -0.052360
th5_min: -3.054330
th6_min: -1.570800
th7_min: -3.054330
